7881497604060810: 2, 3, 5, 31, 593, 14291279269
1214961176208236: 2, 2, 131759, 2305271701
2743077751830833: 43, 63792505856531
7262682009270656: 2, 2, 2, 2, 2, 2, 2, 167, 556477, 610553
4381280562820392: 2, 2, 2, 3, 3, 7, 11, 109, 7250222677
6841409140780319: 7, 17, 57490833115801
1006975970323062: 2, 3, 89051, 1884642827
6860583828626120: 2, 2, 2, 5, 41, 43, 97285647031
2986875770135794: 2, 71, 21034336409407
671229821124553: 671229821124553
8499117884431929: 3, 17, 166649370282979
9789401148742500: 2, 2, 3, 5, 5, 5, 5, 19, 133981, 512741
9512745842143352: 2, 2, 2, 167641, 7093093159
2743524121126649: 7, 181, 6317, 342784591
5974879021700567: 11, 29, 43, 241, 1807394411
1120089732188395: 5, 1373, 163159465723
5474480644025943: 3, 11, 53, 773, 859, 4713901
9467588811962626: 2, 17, 233, 745709, 1602637
5076359415860090: 2, 5, 991, 512246156999
8869071625802896: 2, 2, 2, 2, 554316976612681
